[1, 8, 1, 3, 500, 0, 0.001, 1, 1000000.0, 1000.0, 1.5, 2.5]
1182075.31623
[-4.753921622622997, -5.041841512413992, -4.383680251177435, -3.139956227914594, 343.78054614097704, 0.05916237676212921, 0.66988876644903161, 0.4104297626048643, -0.12409067555715447]

[0.1, 8, 1, 3, 500, 0, 0.001, 1, 1000000.0, 1000.0, 1.5, 2.5]
25127.7165738
[-5.916723249318753, -5.916124288949808, -5.039521652246842, -3.567071266683705, 49.64027599464675, 0.094973864228592442, -4.2279056680403233, 0.2478791330839738, -0.068455512807691132]

[10, 8, 1, 3, 500, 0, 0.001, 1, 1000000.0, 1000.0, 1.5, 2.5]
35226819141.8
[4.238177188603695, 8.186431347794958, 11.428023684293619, 11.006727670192868, 59352.18464724379, 1.7911438789398682, 0.34866442733373137, 0.18380657775294207, 2.7684299418700151]

[1, 3, 1, 3, 500, 0, 0.001, 1, 1000000.0, 1000.0, 1.5, 2.5]
647700.062813
[49.89246783295701, 46.04533633594218, 38.447828791173556, 24.554969692497092, 250.71649001791076, 0.23332755385760762, -1.8081228320822333, 0.047350412098870809, 0.19562430865637825]

[1, 15, 1, 3, 500, 0, 0.001, 1, 1000000.0, 1000.0, 1.5, 2.5]
3501.24088278
[-6.495230278986429, -6.334425134570758, -5.339133678868398, -3.7469527994681577, 17.074434591103987, 0.059904874075869863, -4.7984347861566805, 0.53084809346464956, -0.11619089669940053]

[1, 8, 0.001, 3, 500, 0, 0.001, 1, 1000000.0, 1000.0, 1.5, 2.5]
660.169226985
[-6.768626820837935, -6.533227439653848, -5.48211842478124, -3.8326692760854346, 1.1986931406718533, 0.087781314396313537, -5.1094218213826794, 1.2109988771503786, -0.13942338665193943]

[1, 8, 100, 3, 500, 0, 0.001, 1, 1000000.0, 1000.0, 1.5, 2.5]
11177258.6326
[-0.5568250922053455, -1.7683910522915252, -1.9338677825475807, -1.5279285314761268, 1057.2133269099018, 0.35521613901232407, 4.7960893519733849, 0.097216316144298265, 0.3417672160889631]

[1, 8, 1, 2, 500, 0, 0.001, 1, 1000000.0, 1000.0, 1.5, 2.5]
530835.682358
[51.291175145343146, 35.027684532146274, 23.858014195183344, 13.212161644571507, 227.57464501033695, 0.40083273774453221, -3.4327366958454357, 0.30475954187773668, 0.38251714736125342]

[1, 8, 1, 3, 10, 0, 0.001, 1, 1000000.0, 1000.0, 1.5, 2.5]
203999.754414
[1.6043609866058315, -0.9072364796003995, -1.7420573636496925, -1.824100206428302, 142.76984635765052, 0.28611006560121477, -3.7687537199633807, 0.35010035232673742, 0.074817966433149863]

[1, 8, 1, 3, 10000.0, 0, 0.001, 1, 1000000.0, 1000.0, 1.5, 2.5]
203999.754414
[1.6043609866058315, -0.9072364796003995, -1.7420573636496925, -1.824100206428302, 142.76984635765052, 0.28611006560121477, -3.7687537199633807, 0.35010035232673742, 0.074817966433149863]

[1, 8, 1, 3, 500, 0, 0.0001, 1, 1000000.0, 1000.0, 1.5, 2.5]
30875.5866274
[-6.440412651350756, -6.287637347528084, -5.299081392932547, -3.7154175812477472, 55.115177900193331, -0.023823473618226787, -3.8545536903844653, 0.54437128765374787, -0.17276373120493016]

[1, 8, 1, 3, 500, 0, 0.1, 1, 1000000.0, 1000.0, 1.5, 2.5]
3374826.6687
[27.748603489820475, 19.68663122924338, 13.573483431830068, 7.922386456479124, 580.5929690468098, 0.53313272345069218, -1.445435874965213, 0.11527077850663803, 0.52987616200036181]

[1, 8, 1, 3, 500, 0, 0.001, 5.1e-05, 1000000.0, 1000.0, 1.5, 2.5]
1199894.06368
[-4.756959173558261, -5.043628157995849, -4.384523629652154, -3.1398268724880505, 346.36230090814979, 0.061605889252019486, 0.73013742652877855, 0.39668265722682339, -0.12330481393978387]

[1, 8, 1, 3, 500, 0, 0.001, 10, 1000000.0, 1000.0, 1.5, 2.5]
1231516.12231
[-5.3872027643557585, -5.24594065966631, -4.399656501470282, -3.122442391693208, 350.89396786524355, 0.057497961800927255, 0.82504079049000101, 0.409078737479736, -0.12503423627908017]

