[1, 15, 0.001, 3, 500, 0, 0.001, 1, 1000000.0, 1000.0, 1.5, 2.5]
1867.41447478
[-6.5673452970102755, -6.387310329279841, -5.37757370225519, -3.7704750364126505, 11.237602996085442, 0.071195203193787915, -4.9209998924829783, 0.63447763542203095, -0.11513305142339414]

[1, 8, 0.0001, 3, 500, 0, 0.001, 1, 1000000.0, 1000.0, 1.5, 2.5]
660.169226985
[-6.768626820837935, -6.533227439653848, -5.48211842478124, -3.8326692760854346, 1.1986931406718533, 0.087781314396313537, -5.1094218213826794, 1.2109988771503786, -0.13942338665193943]

[1, 8, 0.01, 3, 500, 0, 0.001, 1, 1000000.0, 1000.0, 1.5, 2.5]
660.169226985
[-6.768626820837935, -6.533227439653848, -5.48211842478124, -3.8326692760854346, 1.1986931406718533, 0.087781314396313537, -5.1094218213826794, 1.2109988771503786, -0.13942338665193943]

[1, 15, 0.0001, 3, 500, 0, 0.001, 1, 1000000.0, 1000.0, 1.5, 2.5]
1867.41447478
[-6.5673452970102755, -6.387310329279841, -5.37757370225519, -3.7704750364126505, 11.237602996085442, 0.071195203193787915, -4.9209998924829783, 0.63447763542203095, -0.11513305142339414]

[1, 15, 0.01, 3, 500, 0, 0.001, 1, 1000000.0, 1000.0, 1.5, 2.5]
1867.41447478
[-6.5673452970102755, -6.387310329279841, -5.37757370225519, -3.7704750364126505, 11.237602996085442, 0.071195203193787915, -4.9209998924829783, 0.63447763542203095, -0.11513305142339414]

