[1, 8, 0.001, 3, 500, 0, 0.001, 1, 1000000.0, 1000.0, 1.5, 2.5]
660.169226985
[-6.768626820837935, -6.533227439653848, -5.48211842478124, -3.8326692760854346, 1.1986931406718533, 0.087781314396313537, -5.1094218213826794, 1.2109988771503786, -0.13942338665193943]

[1, 3, 0.001, 3, 500, 0, 0.001, 1, 1000000.0, 1000.0, 1.5, 2.5]
947.383914943
[-6.912040207419958, -6.637210739464036, -5.556348930617275, -3.876067887179919, -5.1493254993186568, 0.21420721183101921, -5.1919597467566998, 2.1760342931028083, -0.16241948636619585]

[1, 8, 0.005, 3, 500, 0, 0.001, 1, 1000000.0, 1000.0, 1.5, 2.5]
660.169226985
[-6.768626820837935, -6.533227439653848, -5.48211842478124, -3.8326692760854346, 1.1986931406718533, 0.087781314396313537, -5.1094218213826794, 1.2109988771503786, -0.13942338665193943]

[1, 8, 0.0005, 3, 500, 0, 0.001, 1, 1000000.0, 1000.0, 1.5, 2.5]
660.169226985
[-6.768626820837935, -6.533227439653848, -5.48211842478124, -3.8326692760854346, 1.1986931406718533, 0.087781314396313537, -5.1094218213826794, 1.2109988771503786, -0.13942338665193943]

